1.000000 0.000000 0.000000 0.000000 0.000000 0.984808 -0.173648 0.528980 0.000000 0.173648 0.984808 0.000000
1.000000 0.000000 0.000000 0.000000 0.000000 0.984808 -0.173648 0.528980 0.000000 0.173648 0.984808 0.000000
1.000000 0.000000 0.000000 0.000000 0.000000 0.984808 -0.173648 0.528980 0.000000 0.173648 0.984808 0.000000
1.000000 0.000000 0.000000 0.000000 0.000000 0.984808 -0.173648 0.528980 0.000000 0.173648 0.984808 0.000000
1.000000 0.000000 0.000000 0.000000 0.000000 0.984808 -0.173648 0.528980 0.000000 0.173648 0.984808 0.000000
1.000000 0.000000 0.000000 0.000000 0.000000 0.984808 -0.173648 0.528980 0.000000 0.173648 0.984808 0.000000
1.000000 0.000000 0.000000 0.000000 0.000000 0.984808 -0.173648 0.528980 0.000000 0.173648 0.984808 0.000000
1.000000 0.000000 0.000000 0.000000 0.000000 0.984808 -0.173648 0.528980 0.000000 0.173648 0.984808 0.000000
1.000000 0.000000 0.000000 0.000000 0.000000 0.984808 -0.173648 0.528980 0.000000 0.173648 0.984808 0.000000
1.000000 0.000000 0.000000 0.000000 0.000000 0.984808 -0.173648 0.528980 0.000000 0.173648 0.984808 0.000000
1.000000 0.000000 0.000000 0.000000 0.000000 0.984808 -0.173648 0.528980 0.000000 0.173648 0.984808 0.000000
1.000000 0.000000 0.000000 0.000000 0.000000 0.984808 -0.173648 0.528980 0.000000 0.173648 0.984808 0.000000
1.000000 0.000000 0.000000 0.000000 0.000000 0.984808 -0.173648 0.528980 0.000000 0.173648 0.984808 0.000000
1.000000 0.000000 0.000000 0.000000 0.000000 0.984808 -0.173648 0.528980 0.000000 0.173648 0.984808 0.000000
1.000000 0.000000 0.000000 0.000000 0.000000 0.984808 -0.173648 0.528980 0.000000 0.173648 0.984808 0.000000
1.000000 0.000000 0.000000 0.000000 0.000000 0.984808 -0.173648 0.528980 0.000000 0.173648 0.984808 0.000000
1.000000 0.000000 0.000000 0.000000 0.000000 0.984808 -0.173648 0.528980 0.000000 0.173648 0.984808 0.000000
1.000000 0.000000 0.000000 0.000000 0.000000 0.984808 -0.173648 0.528980 0.000000 0.173648 0.984808 0.000000
1.000000 0.000000 0.000000 0.000000 0.000000 0.984808 -0.173648 0.528980 0.000000 0.173648 0.984808 0.000000
1.000000 0.000000 0.000000 0.000000 0.000000 0.984808 -0.173648 0.528980 0.000000 0.173648 0.984808 0.000000
1.000000 0.000000 0.000000 0.000000 0.000000 0.984808 -0.173648 0.528980 0.000000 0.173648 0.984808 0.000000
1.000000 0.000000 0.000000 0.000000 0.000000 0.984808 -0.173648 0.528980 0.000000 0.173648 0.984808 0.000000
1.000000 0.000000 0.000000 0.000000 0.000000 0.984808 -0.173648 0.528980 0.000000 0.173648 0.984808 0.000000
1.000000 0.000000 0.000000 0.000000 0.000000 0.984808 -0.173648 0.528980 0.000000 0.173648 0.984808 0.000000
